86 86 86 86 86 86 86 84 82 82 82 82 82 82 81 81 82 82 82 82 81 81 82 82 81 81 81 81 81 81 81 81 82 82 81 81 81 81 80 81 82 82 81 81 80 80 81 81 81 81 80 80 80 80 81 81 80 80 81 81 81 81 81 81 81 81 81 81 82 82 82 82 82 82 81 81 80 80 80 80 81 82 81 81 81 81 81 81 81 81 81 81 81 81 81 81 81 81 80 80 80 80 80 80 80 80 79 79 80 80 79 79 79 79 78 77 77 77 77 77 76 76 75 75 74 74 73 72
86 86 86 86 86 86 86 84 82 82 82 82 82 82 82 82 82 82 82 81 81 81 82 82 82 82 82 82 82 81 81 81 82 82 82 81 81 81 81 81 81 82 81 81 81 81 81 81 81 81 81 80 80 81 81 81 81 81 81 81 81 81 81 81 81 80 79 78 78 79 80 80 80 80 79 79 80 80 80 81 82 82 81 81 81 81 81 81 81 81 81 81 81 81 81 81 81 81 80 80 80 80 80 80 80 80 80 79 80 79 79 79 79 79 78 78 78 77 77 77 77 76 76 75 75 74 73 72
86 86 86 86 86 86 86 84 82 82 82 82 82 82 82 82 82 82 81 81 81 81 82 82 82 82 83 83 82 82 81 81 82 82 82 82 81 81 81 81 81 81 82 82 81 81 81 81 81 81 81 81 81 81 81 81 81 81 81 81 82 82 82 82 81 80 77 75 74 75 78 79 78 78 77 78 79 80 81 81 82 82 81 81 81 81 81 81 81 81 81 81 81 81 81 81 80 80 81 81 80 80 80 80 80 80 80 80 79 79 79 79 79 79 79 79 78 78 77 77 77 77 76 76 75 75 74 73
86 86 86 86 86 86 86 84 82 82 82 82 82 82 82 82 82 82 82 81 81 82 82 82 82 82 83 83 82 82 81 81 81 81 82 82 81 81 81 81 81 81 81 81 81 81 81 81 81 81 81 81 81 81 81 81 81 80 80 79 78 76 75 73 71 68 66 65 64 65 67 68 68 67 67 69 72 75 77 79 80 81 81 81 81 81 81 81 81 81 81 81 81 81 81 81 81 81 81 81 80 80 80 80 80 80 80 80 79 79 79 79 79 79 79 78 78 78 78 77 77 77 77 77 76 76 75 74
86 86 86 86 86 86 86 84 82 82 83 83 82 82 82 82 83 83 82 82 82 82 82 82 82 82 83 83 82 82 81 81 80 81 82 82 81 81 81 81 81 81 81 81 81 81 81 81 81 81 81 81 81 81 82 81 80 79 78 76 74 71 68 65 60 57 55 54 54 55 57 57 57 57 57 60 66 70 73 76 78 80 81 81 81 81 81 81 81 81 81 81 82 82 81 81 81 81 81 81 80 80 80 80 81 81 80 80 79 79 79 79 78 78 78 78 78 78 78 78 78 78 78 78 77 77 76 75
86 86 86 86 86 86 86 84 82 82 82 82 82 82 82 82 83 83 83 82 82 82 82 82 82 83 83 83 83 82 81 81 81 81 81 82 81 81 81 81 81 81 81 81 81 81 81 81 81 81 81 81 80 80 80 78 75 72 68 65 64 62 61 59 57 55 54 54 54 55 56 57 56 56 57 58 61 63 64 67 70 74 77 79 80 81 81 81 81 81 81 81 82 82 82 81 81 81 81 80 80 80 80 80 80 80 80 79 79 79 79 78 78 78 78 78 78 78 78 78 78 78 78 78 77 77 76 75
86 86 86 86 86 86 86 84 81 81 82 82 82 82 82 82 83 83 83 83 83 83 83 83 83 83 83 83 83 82 81 81 81 81 81 81 82 82 81 81 82 82 82 82 82 82 82 82 81 81 81 80 79 78 78 75 70 64 57 54 53 53 53 54 54 54 54 54 54 54 55 56 57 57 56 56 56 55 55 57 62 67 73 78 79 80 81 82 81 81 81 81 82 82 82 82 81 81 80 80 80 80 80 80 80 80 79 79 79 79 78 78 77 77 78 78 77 77 78 78 78 78 78 78 77 77 76 75
86 86 86 86 86 86 86 84 81 81 82 82 82 82 82 83 83 83 83 83 83 83 83 83 83 83 83 83 83 82 82 82 82 82 82 82 82 82 82 82 82 82 82 83 83 83 83 82 81 80 79 78 75 71 67 64 62 59 55 53 53 53 53 53 54 54 54 54 54 55 56 57 57 57 57 56 56 56 56 57 59 62 65 69 73 77 79 81 81 81 81 81 82 82 82 81 81 81 80 80 80 80 80 80 80 79 79 79 79 79 78 78 78 78 78 78 77 77 77 77 77 78 78 78 77 77 76 75
86 86 86 86 86 86 86 84 81 81 81 81 82 82 83 83 83 83 83 83 83 83 83 83 83 83 84 83 82 82 82 82 83 83 82 82 83 83 82 82 83 83 83 83 84 84 83 82 81 80 78 74 70 64 57 54 54 53 53 53 53 53 53 53 54 54 54 54 54 55 56 57 57 57 57 57 57 57 56 56 57 57 57 59 67 73 77 80 81 82 81 81 82 82 81 81 81 81 80 80 80 80 81 81 80 79 79 79 79 79 78 78 79 79 78 77 77 77 76 76 77 77 77 77 77 77 76 75
86 86 86 86 86 86 86 84 82 82 82 82 82 83 83 83 83 83 83 83 83 83 83 83 83 84 84 83 83 83 83 83 83 83 83 83 83 83 83 83 83 83 83 83 83 83 83 81 79 77 74 70 64 59 55 53 53 53 53 53 53 53 53 53 54 54 54 54 54 54 56 56 56 57 57 57 57 57 56 56 56 56 56 57 62 66 70 74 79 82 81 82 82 82 82 81 81 81 81 80 80 80 81 80 80 79 79 79 79 79 79 79 79 79 78 77 77 77 76 76 77 77 77 77 77 77 76 75
86 86 86 86 86 86 86 84 82 82 83 83 83 83 83 83 83 83 83 83 83 83 83 83 84 84 84 84 83 84 85 85 84 84 84 84 84 84 83 83 83 83 83 83 83 83 83 81 77 73 70 65 57 53 53 53 53 53 53 53 53 53 53 53 54 54 54 54 54 54 55 55 56 56 56 56 57 57 56 56 56 56 55 55 56 58 63 69 76 81 82 82 82 82 82 82 81 81 81 81 81 81 80 80 79 79 80 80 79 79 79 79 80 80 79 78 77 77 76 76 77 77 77 76 76 76 76 75
86 86 86 86 86 86 86 84 82 82 83 83 83 83 83 83 83 83 83 83 83 83 83 83 84 84 84 84 83 84 84 84 84 84 84 84 84 84 83 83 83 83 82 81 80 78 77 73 68 65 63 59 55 53 53 53 53 53 53 53 53 53 53 53 54 54 54 54 54 54 55 55 55 55 56 57 57 57 57 56 56 56 56 56 56 57 59 63 71 77 80 82 82 82 82 82 81 81 81 80 80 80 80 80 79 80 80 80 79 79 79 79 79 79 79 78 77 77 76 76 76 77 76 76 76 76 75 75
86 86 86 86 86 86 86 84 82 82 82 82 82 82 83 83 83 83 82 82 83 83 83 83 84 84 83 83 84 84 84 84 83 84 85 84 83 83 84 84 83 82 81 79 76 73 70 65 58 56 55 54 53 52 53 53 52 52 53 53 53 53 53 53 54 54 54 54 54 54 55 55 54 55 56 57 57 57 57 57 56 56 56 56 56 56 56 58 66 73 78 82 82 82 82 82 81 81 80 80 79 79 79 79 80 80 80 80 79 79 79 79 79 79 78 78 77 77 76 76 76 76 76 75 76 76 75 74
86 86 86 86 86 86 86 84 82 82 82 82 82 82 83 83 83 83 82 83 83 83 83 83 83 83 83 83 83 84 84 83 83 84 84 84 83 83 84 83 81 79 78 75 72 68 63 59 56 54 54 53 52 53 54 56 59 61 62 63 63 61 57 54 54 54 54 54 54 54 55 55 54 54 55 56 56 56 56 56 56 56 56 56 56 55 55 56 61 66 73 79 81 82 82 81 81 80 80 80 79 79 79 80 80 80 80 80 79 79 79 79 79 79 78 78 77 77 76 76 76 76 75 75 76 76 75 74
86 86 86 86 86 86 86 84 82 82 82 82 82 82 83 83 83 83 83 83 83 83 83 83 83 83 82 82 83 83 83 83 83 83 84 83 82 83 84 82 79 77 74 71 67 62 57 55 54 54 53 53 52 53 56 60 66 70 72 74 74 69 61 56 54 53 54 54 54 54 55 55 54 54 54 54 55 55 55 55 56 56 56 56 55 55 55 55 56 59 68 75 79 82 81 81 80 80 80 80 79 79 80 80 80 80 80 80 79 79 79 79 78 78 79 79 77 76 77 77 76 76 75 75 76 76 75 75
86 86 86 86 86 86 86 84 83 82 82 82 82 82 83 83 83 83 83 83 83 83 83 83 82 82 82 82 82 83 83 83 83 83 83 83 83 82 82 79 75 72 70 67 62 58 55 54 54 53 53 55 58 62 68 72 75 77 79 80 80 77 72 67 63 59 56 54 54 54 55 55 54 54 54 55 55 55 55 55 55 55 55 55 55 55 55 55 55 57 62 68 74 78 80 81 81 80 80 79 79 79 80 80 80 80 79 79 79 79 79 79 79 78 79 79 78 76 77 77 76 76 76 76 76 76 75 75
86 86 86 86 86 86 86 85 83 83 83 83 82 82 82 82 83 83 83 83 83 83 83 82 81 81 82 82 82 82 82 82 82 82 83 83 83 81 79 75 70 68 66 62 57 55 54 54 53 53 52 57 64 72 81 84 85 85 85 85 85 85 83 79 72 65 58 54 54 54 55 55 54 54 55 55 55 55 55 55 54 54 55 55 55 55 55 55 55 56 57 60 68 75 78 81 81 81 80 79 79 79 80 80 79 79 79 78 79 79 79 79 79 79 79 79 78 77 77 77 76 76 76 77 76 75 75 75
86 86 86 86 86 86 86 85 83 83 83 83 82 82 82 82 83 83 83 83 83 83 83 82 82 82 82 82 82 82 82 82 82 82 82 82 82 77 71 67 64 62 60 58 55 55 55 55 54 54 53 60 71 79 84 86 86 86 86 86 86 86 85 83 79 74 67 62 60 58 56 55 54 54 55 55 55 55 55 55 55 55 55 55 55 55 55 55 55 55 56 58 62 68 75 81 81 81 80 79 79 79 80 80 79 79 78 78 78 78 78 78 78 78 78 78 77 77 77 77 76 76 76 77 76 75 75 75
86 86 86 86 86 86 86 85 83 83 83 83 82 82 82 82 82 82 82 82 82 82 82 82 82 82 82 82 81 81 82 82 82 82 82 82 81 73 62 58 57 56 54 53 54 55 56 56 55 55 55 64 79 85 86 86 86 86 86 86 86 86 86 86 85 82 76 71 67 62 58 55 54 54 55 55 55 55 55 55 56 56 55 55 55 55 55 55 54 54 55 56 57 61 72 80 81 81 80 80 80 80 79 79 79 79 78 77 77 77 77 77 77 77 77 77 77 76 76 76 76 76 76 76 76 76 75 75
86 86 86 86 86 86 86 85 84 83 83 83 82 82 82 82 82 82 82 82 82 82 82 82 82 82 82 82 81 82 82 82 82 82 82 77 70 64 59 56 55 54 52 52 53 54 55 55 54 58 64 72 82 86 86 86 86 86 86 86 86 86 86 86 86 84 81 78 75 71 66 63 61 59 56 55 55 55 55 55 55 55 55 55 55 55 55 55 54 54 55 55 56 58 63 69 75 81 80 80 80 80 79 79 79 79 78 77 77 77 77 77 77 77 77 77 77 76 76 76 76 76 76 76 76 76 75 75
86 86 86 86 86 86 86 85 84 83 83 83 82 82 82 82 83 83 82 82 82 82 82 82 81 81 82 82 82 82 83 83 82 82 83 72 56 53 56 56 54 53 51 51 52 53 53 53 52 61 74 82 85 86 86 86 86 86 86 86 86 86 86 86 86 86 85 85 83 80 76 72 68 64 58 55 54 54 55 55 54 54 54 54 54 54 55 55 54 54 55 55 55 55 53 55 69 80 80 80 79 79 79 79 80 80 79 78 77 77 77 77 77 77 78 78 77 76 76 76 76 76 76 75 76 76 75 75
86 86 86 86 86 86 86 85 84 83 83 83 82 82 82 82 83 82 82 82 82 82 82 82 82 82 82 82 82 82 83 83 82 82 82 71 57 55 59 58 54 52 52 52 52 52 52 55 58 67 79 84 86 86 86 86 86 86 86 86 86 86 86 86 86 86 86 86 85 84 81 78 75 71 65 62 61 59 56 55 55 54 54 54 54 54 55 55 55 55 55 55 55 55 55 59 71 80 80 80 79 79 79 79 79 79 79 78 78 77 77 77 77 77 77 78 77 76 76 76 76 76 76 75 76 76 76 75
86 86 86 86 86 86 86 85 83 83 83 83 83 83 82 82 82 82 82 82 82 82 83 83 82 82 83 83 82 82 83 83 82 82 81 72 60 59 63 60 55 53 52 52 52 52 51 57 66 74 82 86 86 86 86 86 86 86 86 86 86 86 86 86 86 86 86 86 86 85 85 83 81 78 73 70 68 64 59 55 55 55 54 54 54 54 55 56 55 55 56 56 55 56 60 66 73 79 80 80 79 79 80 80 79 78 79 79 78 78 78 78 77 77 77 77 76 76 76 77 76 76 76 76 76 77 76 76
86 86 86 86 86 86 86 85 83 83 83 83 83 83 82 82 82 82 82 82 82 82 83 82 82 82 83 82 82 82 82 82 82 80 78 71 64 61 60 57 53 52 52 52 52 52 52 59 71 79 84 86 86 86 86 86 86 86 86 86 86 86 86 86 86 86 86 86 86 86 86 85 84 82 79 77 75 71 65 60 57 55 55 54 54 55 55 56 55 56 59 61 58 56 59 63 71 78 79 79 79 79 79 79 78 78 78 79 78 78 78 77 77 77 77 77 76 76 76 77 76 76 76 76 77 77 76 76
86 86 86 86 86 86 86 85 83 83 83 83 83 83 83 83 83 83 82 82 82 82 82 82 82 82 82 82 82 82 81 81 81 78 73 70 68 63 56 53 51 51 52 52 51 52 53 62 76 83 85 86 86 86 86 86 86 86 86 86 86 86 86 86 86 86 86 86 86 86 86 86 86 85 84 83 82 78 73 67 60 55 55 55 55 55 56 56 55 57 64 67 61 56 56 58 68 76 78 79 78 78 78 78 78 78 78 78 78 78 77 76 77 77 77 77 76 76 76 76 76 76 76 77 77 77 76 76
86 86 86 86 86 86 86 85 83 83 83 83 83 83 83 83 83 82 82 82 82 82 82 82 82 82 82 82 82 82 81 81 81 76 70 69 69 63 55 52 50 51 53 53 52 55 60 69 80 84 86 86 86 86 86 86 86 86 86 86 86 86 86 86 86 86 86 86 86 86 86 86 86 86 86 85 84 82 78 73 64 59 60 60 57 55 55 56 55 57 64 68 64 60 57 57 65 72 76 79 79 78 78 78 78 78 78 78 78 78 77 76 77 77 77 77 77 76 76 76 76 76 76 77 77 77 76 76
86 86 86 86 86 86 86 85 84 83 83 83 83 83 83 83 82 82 81 81 82 82 82 82 81 81 81 81 81 81 82 81 80 75 68 67 69 63 55 51 50 52 55 55 53 59 69 77 83 85 86 86 86 86 86 86 86 86 86 86 86 86 86 86 86 86 86 86 86 86 86 86 86 86 86 86 86 85 83 78 70 65 66 65 59 55 55 55 55 57 64 69 68 66 59 56 62 68 74 79 79 79 78 78 78 78 78 78 77 77 77 77 77 77 77 77 77 77 77 77 76 76 76 76 76 76 76 76
86 86 86 86 86 86 86 85 84 83 83 83 83 83 83 82 82 82 81 81 82 82 82 82 81 81 81 81 81 81 82 81 80 72 63 63 67 62 54 51 50 52 54 55 55 62 73 79 83 85 85 86 86 86 86 86 86 86 86 86 86 86 86 86 86 86 86 86 86 86 86 86 86 86 86 86 86 85 84 81 73 68 68 66 60 56 55 55 55 57 64 69 71 69 61 55 59 63 71 78 78 79 78 78 78 78 78 78 77 77 77 77 77 77 77 77 77 77 77 77 77 76 76 76 76 76 76 76
86 86 86 86 86 86 86 85 83 83 82 82 82 82 82 82 81 81 82 82 81 81 82 82 81 81 82 82 81 81 82 81 79 70 59 59 64 60 52 50 50 51 53 54 56 64 75 81 83 84 85 85 85 85 85 85 85 85 86 86 86 86 86 86 86 86 86 86 86 86 86 86 86 86 86 86 85 85 85 82 75 71 69 66 61 56 55 54 55 58 64 70 72 72 62 55 56 58 68 76 78 79 78 78 77 77 77 77 77 76 76 76 76 76 76 76 76 76 77 77 77 77 77 77 77 77 76 76
86 86 86 86 86 86 86 85 83 82 82 82 82 82 82 81 81 81 82 81 81 81 82 81 81 81 82 82 81 82 82 80 79 69 57 57 61 58 52 50 50 52 54 57 61 68 76 80 82 83 84 85 85 85 85 85 85 85 85 86 86 86 86 86 86 86 86 86 86 86 86 86 86 86 86 85 85 85 85 83 79 75 72 67 61 56 56 56 59 63 68 72 74 73 65 59 56 57 67 75 77 78 78 78 77 77 77 77 76 76 76 76 76 76 76 76 76 76 76 76 76 76 77 77 77 77 76 76
86 86 86 86 86 86 86 85 83 82 81 82 82 82 81 81 81 81 81 81 81 81 81 81 81 81 81 81 82 82 82 80 79 69 56 54 57 55 51 50 51 52 55 60 67 73 77 80 81 82 84 84 84 84 84 84 84 84 85 85 85 85 85 85 85 85 86 86 85 85 86 86 85 85 85 85 84 84 84 84 83 80 74 68 61 56 56 59 65 70 73 75 75 74 69 63 58 56 66 74 76 77 77 77 77 77 76 76 76 76 76 76 76 76 76 76 76 75 75 75 75 75 76 77 77 77 76 76
86 86 86 86 86 86 86 84 83 82 81 81 82 81 81 81 81 81 81 81 81 81 81 81 81 81 81 81 82 82 81 80 77 68 55 53 54 53 50 50 51 54 58 64 71 75 78 80 80 82 84 84 84 84 84 84 84 84 84 85 85 85 85 85 85 85 85 85 85 85 85 85 85 85 85 85 84 84 84 84 84 82 78 74 69 65 64 65 70 74 76 77 76 75 71 67 60 56 65 72 74 76 76 76 76 76 76 76 76 75 76 76 76 76 76 76 75 75 75 75 75 75 76 77 77 77 76 76
86 86 86 86 86 86 86 84 82 82 81 81 81 81 81 81 80 81 81 81 81 81 81 81 81 81 81 81 82 81 80 78 76 67 55 52 51 50 49 50 51 55 62 68 75 78 79 80 79 81 84 85 85 85 84 84 84 84 84 84 84 84 84 84 84 84 85 85 85 85 85 85 85 85 85 85 84 84 84 84 83 83 82 81 78 76 74 73 76 77 78 77 77 75 74 71 61 56 64 71 73 74 75 75 75 75 76 76 75 74 75 76 76 76 76 75 75 75 75 75 75 76 76 77 77 77 76 75
86 86 86 86 86 86 86 84 82 82 81 81 81 81 81 81 80 81 81 81 81 81 81 81 81 81 81 81 81 81 80 78 76 66 54 51 50 50 49 50 51 55 60 67 75 79 80 80 79 81 84 85 85 84 84 84 84 84 84 84 84 84 84 84 84 84 84 85 85 85 85 85 84 84 84 84 84 84 84 84 83 83 83 82 81 80 78 77 78 78 78 78 77 76 74 71 62 56 61 66 69 72 73 74 74 75 75 76 75 74 75 76 76 76 75 75 75 75 75 75 76 76 77 77 77 77 76 75
86 86 86 86 86 86 85 84 82 82 81 81 81 81 81 81 81 81 81 81 80 80 80 80 81 81 81 81 80 80 81 79 76 66 54 50 50 50 50 50 51 53 56 64 74 79 80 80 80 81 83 84 84 84 84 84 84 84 84 84 83 83 83 83 84 84 84 84 84 84 84 84 84 83 83 83 83 83 83 83 83 83 82 82 82 81 81 80 79 79 79 78 77 76 74 70 62 56 58 60 64 68 71 73 73 74 75 75 74 74 75 75 75 75 75 75 75 76 76 76 76 77 76 76 76 76 76 75
86 86 86 86 86 85 84 83 82 81 81 81 81 81 81 81 81 81 81 81 80 80 80 80 81 81 81 80 80 80 81 76 70 62 52 50 50 50 50 51 52 53 55 62 73 77 78 78 78 80 83 84 84 84 84 84 84 84 84 83 83 83 83 84 84 84 84 84 84 84 84 84 83 83 83 83 83 83 83 83 83 83 82 82 83 82 82 81 80 79 79 79 77 75 73 70 62 56 56 57 60 64 68 71 73 74 74 75 74 74 74 75 75 75 75 75 76 76 76 76 76 77 76 76 76 76 75 75
86 86 86 86 86 85 83 83 82 81 80 80 80 81 81 81 82 81 81 81 80 80 80 80 81 81 80 80 80 80 81 73 62 56 51 49 49 50 51 52 52 54 55 61 70 74 75 75 76 78 82 83 83 83 84 84 83 83 83 83 83 83 84 84 84 84 84 84 84 84 84 84 83 83 83 83 82 82 82 82 82 82 83 83 83 83 82 82 81 80 80 79 77 75 73 70 63 57 56 56 57 59 65 71 72 73 74 74 74 73 74 75 75 75 75 75 76 76 76 76 76 76 76 75 76 76 75 75
86 86 86 86 86 84 82 82 82 81 80 80 80 81 81 81 82 82 81 81 80 80 80 80 81 81 80 80 80 80 79 70 58 52 49 49 49 50 50 51 52 53 54 61 70 73 73 73 74 77 81 82 83 83 83 83 83 83 83 83 83 83 83 83 83 83 84 84 84 84 84 84 84 83 83 83 82 82 82 82 82 82 83 83 84 84 83 82 81 80 80 79 78 76 74 70 62 56 55 55 55 57 64 69 72 73 74 74 73 73 74 75 75 75 75 75 75 75 75 75 76 76 75 75 76 76 76 75
86 86 86 86 86 84 81 81 81 81 81 81 81 81 81 81 81 81 82 81 80 80 80 80 80 80 81 81 80 79 77 67 54 50 49 48 49 49 50 51 52 53 54 60 69 72 71 71 72 75 80 82 82 82 83 83 83 83 82 82 82 82 82 82 82 82 83 84 84 84 84 84 84 84 83 83 82 82 82 82 82 82 83 83 84 84 83 82 81 81 80 79 78 76 74 70 62 55 55 55 55 56 63 68 71 74 73 73 74 74 74 74 75 75 75 74 74 74 74 74 75 76 75 75 76 77 76 75
86 86 86 86 86 84 81 81 81 81 81 81 81 81 81 81 81 81 82 81 80 80 80 80 80 80 81 80 79 75 70 61 52 49 49 49 49 50 50 51 52 53 54 60 68 70 69 69 71 74 79 81 81 82 82 83 82 82 82 81 80 79 77 76 74 74 77 79 80 78 74 74 80 83 83 82 82 82 82 82 82 82 83 83 84 83 83 82 82 81 81 80 79 77 74 70 61 55 55 55 57 60 64 68 71 73 73 74 74 74 74 74 74 75 74 74 74 75 75 74 75 76 76 76 76 77 76 75
86 86 86 86 86 84 82 82 82 82 82 81 81 81 80 80 80 81 81 81 80 80 81 80 80 80 80 79 78 70 60 54 50 49 50 50 50 50 50 51 52 53 54 59 66 67 67 68 70 73 78 80 81 81 82 82 82 81 81 80 78 75 71 67 63 63 69 72 73 69 59 60 74 82 82 82 81 81 82 82 82 82 83 84 83 83 82 82 82 83 82 82 80 78 74 69 61 54 55 56 61 65 66 67 70 72 73 75 74 74 74 74 74 74 74 74 75 76 75 75 75 75 76 77 76 76 75 74
86 86 86 86 86 84 82 82 82 82 82 81 81 81 80 80 80 80 81 80 80 80 81 81 80 80 80 76 70 62 55 52 50 53 57 55 51 50 51 52 52 53 53 56 61 62 62 65 68 73 77 80 81 81 81 81 81 81 80 78 75 71 68 63 58 58 62 64 65 62 54 56 69 77 79 80 80 81 81 82 82 82 83 83 83 80 74 72 78 81 80 80 78 76 73 68 60 54 55 55 59 63 66 68 69 70 73 75 74 74 74 74 74 74 74 74 75 76 75 75 75 75 76 77 76 76 75 74
86 86 86 86 86 84 82 82 82 82 81 81 81 81 80 80 80 80 80 80 80 80 81 81 80 80 81 71 59 54 51 51 51 59 68 63 52 50 53 53 52 52 52 53 55 56 57 61 67 72 77 80 81 81 80 81 82 81 79 76 71 68 66 62 57 55 55 56 56 55 53 56 64 70 74 77 78 80 81 82 81 81 82 83 81 76 63 58 70 78 77 75 75 73 71 68 60 55 54 54 55 57 64 69 69 69 72 75 74 74 74 75 74 74 74 75 75 75 75 74 75 75 76 76 76 76 75 74
86 86 86 86 86 84 82 82 82 82 81 81 81 80 80 80 80 80 80 80 80 80 81 80 80 80 79 68 55 52 52 52 52 58 65 61 53 55 61 59 54 52 51 51 52 53 54 59 65 71 77 80 81 81 80 81 81 79 76 73 70 66 63 59 56 54 53 53 53 53 53 55 59 64 69 73 76 78 80 81 80 79 80 80 78 73 60 54 64 71 71 71 69 67 65 63 58 55 55 55 54 56 63 69 70 71 73 75 75 74 75 75 75 75 75 75 75 75 75 74 75 75 76 76 76 76 75 74
86 86 86 86 86 84 82 82 82 82 81 81 80 80 80 80 80 80 80 80 80 80 80 80 80 79 77 67 54 52 54 54 53 54 55 55 55 62 72 68 57 53 51 51 51 52 53 57 63 70 76 80 81 81 81 80 80 77 72 69 68 65 59 55 54 53 53 53 52 52 53 54 55 59 64 69 73 77 79 80 78 77 78 77 74 70 61 56 59 62 65 66 62 59 58 57 55 54 56 56 55 55 63 69 72 74 75 76 75 75 75 75 75 76 75 75 75 76 75 75 75 76 76 76 76 75 75 75
86 86 86 86 86 84 82 82 82 81 81 80 80 80 80 80 80 80 80 80 80 80 80 80 80 79 77 67 54 52 53 54 53 53 52 54 56 64 74 72 63 57 53 51 51 51 52 56 63 69 76 79 81 81 81 80 78 73 67 64 63 62 59 58 58 57 55 53 52 52 53 54 54 57 63 68 73 77 80 80 77 74 72 69 67 64 59 55 56 57 60 61 58 55 55 55 54 55 58 60 57 56 64 70 73 76 76 76 76 75 75 75 75 76 75 75 75 75 75 75 75 76 76 76 75 75 75 75
86 86 86 86 86 84 81 82 82 81 80 80 80 80 79 79 79 79 79 79 79 79 79 80 80 79 78 67 54 51 52 53 54 53 53 54 56 63 72 74 72 64 54 51 51 51 51 56 62 69 75 79 81 82 81 79 76 69 61 57 55 57 62 65 66 64 57 53 52 52 53 54 55 57 63 68 74 78 80 80 76 71 64 59 58 56 55 54 54 55 56 56 54 54 54 54 54 55 61 64 60 58 65 72 74 77 76 76 76 76 75 75 75 75 76 76 75 74 75 75 75 75 76 76 75 75 75 74
86 86 86 86 86 84 81 81 82 81 80 80 80 80 79 79 79 79 79 79 79 79 79 79 80 79 78 68 55 53 55 55 55 56 58 60 62 67 73 74 73 66 55 52 51 51 51 56 64 70 75 79 81 81 80 76 70 64 58 56 57 60 64 66 65 62 56 53 52 52 53 54 55 58 65 71 76 79 81 80 76 70 60 54 54 54 54 54 54 54 54 54 53 53 53 54 54 56 62 66 64 63 69 74 75 77 76 76 76 76 76 75 75 75 76 76 75 74 75 75 75 75 76 76 75 75 74 74
86 86 86 86 86 84 81 81 81 81 81 80 80 80 80 80 80 79 79 79 80 79 79 79 79 79 78 68 55 57 62 61 57 60 65 69 72 74 76 74 71 64 56 53 51 51 51 57 66 72 77 79 80 79 78 72 63 58 57 59 64 66 66 64 60 57 54 52 52 52 53 54 55 60 69 75 77 79 80 80 76 69 60 53 53 53 54 55 55 55 54 53 53 53 53 54 55 58 62 67 68 71 73 75 76 76 76 76 76 76 76 76 75 75 76 76 75 75 75 75 75 75 76 76 75 75 74 74
86 86 86 86 86 84 81 81 81 81 81 81 80 80 80 80 80 80 79 79 80 79 79 79 79 78 78 68 56 59 66 66 64 66 71 73 75 74 71 68 66 63 59 56 53 52 52 59 68 74 78 80 79 78 76 71 64 61 62 65 69 71 69 66 61 57 55 53 53 54 57 59 60 64 72 77 78 79 80 80 77 72 61 54 54 54 55 56 55 55 54 53 53 53 53 54 58 61 66 70 73 75 76 76 76 76 76 76 76 76 76 76 76 75 76 76 75 75 75 75 75 75 75 75 75 75 74 74
86 86 86 86 86 84 82 82 82 81 81 81 81 80 80 80 80 80 79 79 79 79 79 79 79 78 77 68 57 61 70 72 72 73 74 75 76 70 61 59 59 61 64 61 55 53 55 62 72 77 80 80 79 77 76 73 69 68 70 72 74 74 73 70 66 62 58 56 55 57 63 67 69 71 75 77 77 77 80 81 80 76 64 56 56 56 56 56 56 55 54 53 53 53 53 55 61 67 71 75 76 77 77 77 76 76 76 76 76 76 76 76 76 76 76 76 75 75 75 76 76 76 75 74 74 74 74 73
86 86 86 86 86 84 82 82 82 81 81 81 81 80 80 80 80 79 79 79 79 79 78 78 78 78 77 69 60 63 70 74 76 77 77 76 75 67 57 57 62 65 69 65 56 54 56 63 74 78 80 80 78 77 77 75 73 73 75 76 77 76 74 72 69 66 62 60 59 61 66 70 73 76 77 78 77 78 80 81 81 78 69 62 60 59 60 60 59 57 55 54 53 53 53 56 64 71 75 77 77 77 77 77 76 76 76 76 76 76 76 76 76 76 76 76 75 75 75 75 76 76 75 74 74 74 73 73
86 86 86 86 86 84 82 82 81 81 81 81 80 80 79 79 79 79 79 79 78 78 77 77 77 77 76 71 64 65 68 73 78 79 79 77 74 66 56 60 70 74 75 69 58 55 56 64 74 79 79 79 78 78 78 78 77 77 77 77 77 76 75 73 72 70 68 66 65 66 68 71 75 78 78 79 79 79 80 81 81 80 76 71 67 64 65 65 64 62 58 54 54 54 54 57 67 75 76 77 77 76 76 76 76 75 75 75 75 75 75 75 75 75 75 75 75 75 75 74 75 75 75 74 74 73 73 72
86 86 86 86 86 84 82 81 81 81 81 80 80 79 79 79 79 79 79 78 78 78 77 77 77 77 77 71 63 62 63 70 78 80 80 76 69 65 62 67 75 78 78 70 58 55 56 64 74 79 79 78 78 78 79 79 79 79 78 78 77 76 75 75 74 73 71 70 69 69 70 73 76 79 79 79 79 79 80 81 81 80 79 76 70 66 67 67 66 64 61 58 58 57 56 58 69 76 76 76 76 76 75 75 75 75 75 74 75 75 75 75 75 75 75 75 75 74 74 73 74 74 74 74 73 73 72 72
86 86 86 86 85 83 81 81 80 80 80 80 79 79 79 79 79 79 78 78 78 78 77 77 77 77 78 69 58 55 55 65 77 81 81 73 63 65 72 76 79 80 79 70 57 54 56 63 74 78 78 78 78 78 79 79 79 79 79 78 77 77 77 76 76 75 74 72 70 70 73 75 77 78 79 79 79 79 79 80 81 81 79 76 70 66 67 68 67 65 64 64 63 62 59 59 68 75 75 75 75 75 74 74 74 74 74 73 74 74 74 74 74 74 74 74 74 73 73 72 73 73 73 73 73 73 72 72
86 86 86 85 85 83 81 80 80 80 80 80 79 79 79 79 79 78 78 78 78 78 77 77 77 78 78 69 56 52 51 62 76 80 80 74 65 69 77 80 80 80 79 70 57 54 55 62 72 76 77 78 78 78 79 79 79 80 79 78 77 77 77 77 77 76 75 74 73 73 75 76 77 78 79 79 79 78 78 79 80 80 79 77 71 67 66 66 66 65 64 64 65 65 62 61 69 74 74 74 74 74 73 73 73 74 73 73 73 74 74 74 74 74 74 74 73 73 72 72 72 73 73 73 73 73 72 72
86 86 85 85 85 83 80 80 80 80 80 80 79 79 79 79 78 78 78 78 78 78 77 77 77 78 79 69 57 53 51 60 73 77 79 77 73 75 79 80 80 78 77 69 58 54 53 59 69 74 76 77 77 78 78 79 79 79 79 78 77 77 77 77 76 76 76 76 75 76 76 77 78 78 78 78 78 77 77 78 79 79 79 78 73 69 63 61 63 64 61 59 64 67 65 65 70 73 73 73 73 73 72 72 72 73 73 73 73 73 74 74 74 74 74 73 73 72 72 72 72 72 72 72 72 72 72 71
86 86 85 85 85 82 80 80 80 80 80 79 79 78 78 78 78 78 78 78 78 77 77 77 77 78 79 72 63 57 52 58 66 72 77 78 77 78 79 79 78 77 76 69 59 54 52 55 63 69 73 75 76 77 77 78 79 79 79 78 78 77 77 77 77 76 76 77 77 77 77 77 78 78 78 77 77 77 77 77 78 79 79 78 75 71 65 62 65 66 63 62 66 68 65 64 69 72 72 72 72 72 71 71 72 72 72 72 72 73 73 73 73 73 73 73 72 72 72 72 73 74 73 72 72 72 71 71
86 86 85 85 84 82 79 79 79 79 79 78 78 77 77 78 78 78 77 77 77 77 77 77 76 77 78 76 73 65 55 54 55 64 75 78 78 79 79 78 77 76 75 68 59 54 51 52 55 61 69 73 75 76 77 78 78 78 78 78 78 78 78 78 77 77 77 77 78 78 77 77 77 77 77 77 77 77 77 77 78 78 78 77 75 73 71 70 71 72 70 69 70 69 63 60 67 71 71 71 71 71 71 70 71 71 71 71 71 72 72 72 72 72 72 72 72 72 72 72 75 77 75 72 72 71 71 71
86 85 85 84 84 82 79 79 79 79 79 78 77 77 77 77 78 77 77 77 77 77 77 77 76 77 77 77 77 70 60 54 51 60 74 78 79 79 79 78 77 75 74 68 61 56 51 50 51 56 63 66 67 70 75 77 77 77 77 77 78 78 78 78 77 77 77 77 78 78 77 76 76 76 76 76 76 76 77 77 78 78 78 77 76 74 74 73 74 74 74 73 72 69 62 58 65 71 71 71 71 71 70 70 70 71 71 71 71 71 72 72 72 72 72 72 72 72 72 72 74 76 74 72 71 71 71 71
86 85 84 84 84 82 79 79 79 79 78 78 78 77 77 77 77 77 77 77 77 77 76 76 77 77 77 76 76 71 65 58 52 60 74 78 79 78 78 77 77 75 73 69 65 59 52 50 50 52 56 56 55 61 71 76 76 77 77 77 78 78 78 78 77 77 77 77 78 77 76 75 75 75 76 76 75 75 76 77 77 77 78 78 76 75 74 73 75 75 74 73 72 68 61 57 65 70 71 71 71 70 70 70 70 70 71 71 71 71 72 72 72 72 72 72 72 72 72 72 72 72 72 71 71 71 71 70
86 85 84 84 84 81 79 78 78 78 78 78 78 78 77 77 77 77 77 77 77 77 76 76 77 77 76 76 76 73 69 62 53 59 69 75 78 78 77 77 77 75 72 71 70 63 53 49 50 51 53 53 51 57 68 73 74 75 76 76 77 76 75 75 76 77 77 77 77 76 74 73 74 75 76 76 75 75 76 77 77 77 78 77 76 75 74 73 75 75 74 72 69 65 60 57 65 70 71 71 70 70 70 70 70 70 71 71 71 71 71 72 72 72 72 72 72 72 72 72 72 72 72 71 71 71 70 70
85 85 84 84 84 81 78 77 77 78 78 78 78 78 77 77 77 77 77 77 77 77 77 77 76 76 77 76 76 74 73 65 56 57 60 68 77 78 77 77 77 75 73 73 75 67 54 50 50 52 54 55 54 58 66 70 72 73 74 74 75 73 70 70 75 77 77 77 76 74 71 71 73 75 77 77 76 76 76 76 77 77 77 77 76 75 73 73 74 75 72 69 64 59 58 58 65 71 70 70 70 70 70 69 70 70 71 71 71 71 71 71 72 72 72 71 72 72 72 71 74 77 74 71 71 71 70 70
85 85 84 84 84 81 78 77 77 77 78 78 78 77 77 77 77 77 77 77 77 77 77 77 76 76 77 76 76 75 74 68 60 57 56 64 74 77 77 77 77 73 68 70 76 69 55 50 50 52 57 58 58 60 62 65 68 70 71 72 73 72 69 70 74 77 76 75 74 72 70 70 73 74 76 76 76 76 75 75 75 75 75 75 74 72 70 69 72 72 69 65 59 55 58 61 67 71 70 70 70 70 69 69 70 70 70 71 71 71 71 71 71 71 71 71 71 72 71 71 75 79 75 71 71 71 70 70
85 85 84 84 83 81 79 78 77 77 78 78 77 77 77 77 77 77 77 77 77 77 77 77 76 76 76 76 76 76 75 71 65 61 56 62 71 75 77 77 76 69 59 62 72 68 55 50 50 53 60 63 63 61 59 60 64 67 69 70 71 71 72 73 75 76 75 73 70 70 72 72 72 72 73 73 74 74 72 72 72 72 72 72 71 68 63 62 67 69 63 58 55 54 61 67 69 71 70 70 70 70 69 69 70 70 70 70 70 70 70 70 70 71 71 71 71 71 71 71 75 79 75 71 71 70 70 69
85 85 84 83 83 81 79 78 77 77 78 77 77 77 77 77 77 77 77 77 77 77 77 76 76 76 76 76 76 76 75 72 69 64 60 62 67 69 71 71 70 63 53 58 71 68 56 51 50 54 60 64 66 63 57 58 63 65 65 66 68 71 73 74 75 74 70 69 69 70 73 74 72 69 67 66 67 67 66 65 65 65 66 66 65 62 58 56 62 64 59 55 55 57 64 70 70 71 70 70 70 70 69 69 70 70 70 70 69 69 69 70 70 70 70 71 71 71 71 71 74 76 74 71 70 70 69 69
85 85 84 83 82 80 78 78 77 77 77 77 77 77 77 77 76 76 76 77 77 77 76 76 75 75 75 76 76 76 75 73 70 68 67 64 61 60 60 59 57 54 50 59 73 70 58 53 52 54 58 62 66 64 59 59 63 64 61 62 66 69 71 72 73 70 64 63 70 74 75 75 71 66 60 56 57 56 56 55 55 55 56 56 56 55 53 53 56 57 54 54 59 63 67 70 70 70 70 69 70 70 69 69 70 70 70 70 69 69 69 69 70 70 70 70 70 70 70 70 71 72 71 70 70 69 69 68
85 85 84 83 82 80 78 78 77 77 77 77 77 77 77 77 76 76 76 76 76 76 76 75 75 75 75 75 76 75 75 73 71 71 72 67 60 57 55 53 50 50 49 58 71 70 60 56 54 56 58 62 67 66 62 62 65 64 59 60 65 69 70 71 71 69 63 64 71 76 76 75 72 67 60 56 55 54 52 50 50 50 50 51 51 51 51 51 52 53 52 53 61 67 69 71 70 70 69 69 70 70 69 69 69 70 70 70 69 69 69 69 69 70 70 70 70 70 69 69 69 69 69 70 69 69 68 68
85 85 84 83 82 80 78 78 77 77 77 77 76 77 78 77 76 76 75 75 76 75 75 75 75 75 75 75 75 75 75 74 73 74 76 72 65 60 55 52 50 49 50 56 66 67 64 61 57 59 63 66 68 68 67 67 68 65 60 60 67 70 71 71 71 70 70 71 74 76 76 76 74 72 68 65 63 60 54 51 50 50 50 50 51 51 52 53 52 52 51 53 62 69 70 71 70 70 69 69 70 70 69 69 69 69 69 69 69 69 69 69 69 69 69 69 69 69 70 70 69 69 69 69 69 69 68 68
85 84 84 83 82 80 78 77 77 77 77 77 76 77 77 77 76 76 75 75 75 75 75 75 75 75 75 75 75 75 75 74 73 75 77 74 69 64 59 54 50 50 50 56 63 65 64 61 58 60 65 68 70 70 70 70 70 67 62 62 68 71 71 70 70 71 73 75 75 76 76 76 75 75 73 72 69 65 57 52 51 50 50 49 50 52 53 54 52 51 51 54 63 69 67 66 68 70 69 69 69 70 69 69 69 69 69 69 69 69 69 69 69 69 69 69 69 69 69 70 69 69 69 69 69 69 68 68
84 84 83 82 81 79 77 77 77 77 77 77 77 77 77 76 76 76 75 75 74 75 75 75 75 75 74 74 74 74 74 74 74 74 75 74 71 68 65 59 52 50 51 56 63 63 59 58 57 60 64 68 71 72 71 71 71 69 65 66 70 70 68 68 70 72 74 75 75 75 75 75 75 75 74 74 73 69 60 55 53 52 50 49 51 52 54 55 52 51 52 56 64 68 60 56 64 70 69 69 69 69 69 69 69 70 69 69 69 69 69 69 69 69 69 69 69 69 69 69 69 69 69 69 69 69 68 68
84 84 83 82 81 79 77 77 77 77 77 77 77 76 76 76 76 75 75 75 74 74 75 75 75 74 74 74 74 74 74 74 74 74 74 73 72 71 69 62 54 52 52 56 63 62 57 55 56 59 64 68 72 73 72 72 72 71 68 68 71 71 68 68 70 72 73 73 74 74 74 74 74 74 74 74 74 71 64 59 57 55 52 50 51 52 54 54 52 51 55 60 66 68 59 55 63 70 69 69 69 69 69 69 69 70 69 69 69 69 69 69 69 69 69 69 69 69 69 69 69 69 69 69 69 69 68 68
85 84 83 82 80 79 77 77 77 77 77 77 76 76 75 75 75 75 75 75 75 75 74 74 74 74 73 74 74 74 75 75 75 75 74 74 73 71 69 64 57 54 52 56 63 62 56 55 55 59 64 69 72 74 73 73 73 72 70 70 72 72 72 71 71 70 70 70 71 72 72 72 73 73 73 73 73 72 69 67 64 60 55 51 51 52 53 53 51 52 60 66 68 69 66 64 67 69 70 70 70 70 69 69 69 69 69 69 69 69 69 69 69 69 69 68 69 69 69 68 69 69 69 69 68 68 67 67
85 84 83 81 80 79 77 77 77 77 77 76 76 75 75 75 75 75 75 75 75 75 74 74 74 74 73 74 74 74 75 75 76 75 74 74 73 72 70 67 62 57 53 55 61 61 57 56 55 58 63 66 68 70 72 73 73 72 71 71 72 73 73 71 68 67 67 68 70 71 71 71 71 71 69 69 69 68 69 68 65 61 55 51 51 51 51 51 51 53 62 69 69 70 70 70 69 69 69 70 70 70 69 69 68 68 68 69 69 69 69 69 69 69 68 68 69 69 68 68 69 69 69 69 68 67 67 67
84 84 83 81 79 79 78 77 77 77 76 76 75 75 75 75 75 75 75 75 74 74 75 75 75 74 74 74 74 74 75 75 75 75 75 74 74 73 72 70 68 62 55 54 56 59 61 60 56 56 58 58 56 61 70 74 74 73 71 71 72 72 70 66 61 61 66 70 71 71 71 71 70 68 64 61 60 60 61 60 57 54 52 50 50 50 50 50 50 53 61 68 69 70 70 70 69 69 69 69 69 69 69 69 68 68 68 68 68 68 68 68 68 68 68 68 69 69 68 68 69 69 69 68 68 68 67 67
84 84 83 81 79 78 78 77 77 76 76 76 75 75 75 75 75 75 75 75 74 74 75 75 75 75 74 74 74 74 75 75 74 74 75 75 74 74 73 73 72 66 57 54 54 56 61 60 57 55 55 53 50 56 68 74 75 74 71 70 72 71 68 64 60 61 67 70 70 71 70 70 69 67 62 60 59 59 59 58 54 51 51 50 49 49 50 50 50 53 61 67 69 70 70 70 69 69 69 69 69 69 69 69 69 68 68 68 68 68 68 68 68 68 68 68 68 69 68 68 68 69 68 68 68 68 68 67
84 84 83 81 78 78 77 77 76 76 76 76 75 75 75 75 75 75 74 74 75 75 74 75 75 75 74 74 74 74 75 75 74 74 74 74 74 74 73 73 73 67 59 55 53 54 55 56 56 55 54 52 49 55 68 74 75 73 71 70 71 70 67 66 67 67 69 69 68 68 68 69 70 69 68 67 67 67 66 64 58 54 52 50 50 49 51 51 50 52 61 67 68 69 69 69 69 69 69 70 70 70 69 69 69 69 68 68 68 68 68 68 68 67 68 68 68 68 68 67 68 68 68 68 68 68 68 68
84 84 83 81 78 78 77 77 76 76 76 76 75 75 75 75 75 75 74 75 75 75 74 74 75 75 74 74 74 74 75 75 74 74 74 74 74 74 73 73 73 68 62 57 54 52 52 53 54 54 54 52 50 57 68 74 75 74 71 70 69 69 68 68 71 72 71 70 67 66 66 66 67 67 67 67 68 68 67 64 58 54 52 50 50 50 51 52 51 53 61 67 68 69 69 69 69 69 70 70 70 70 69 69 69 69 68 68 68 68 68 68 67 67 67 68 68 68 67 67 67 68 68 68 68 68 68 68
84 84 83 81 78 78 77 77 77 76 76 76 75 75 76 75 75 75 75 75 75 75 74 74 74 74 75 74 74 74 75 75 74 74 74 74 75 74 74 73 73 71 67 62 56 53 51 51 52 53 53 54 54 60 70 74 75 74 72 70 69 69 70 71 73 73 73 72 70 67 62 59 58 57 57 57 57 57 57 55 53 51 50 50 51 51 51 51 51 53 62 68 69 69 69 69 69 69 70 70 70 69 69 69 69 68 68 68 68 69 68 68 67 67 67 67 67 67 67 67 67 67 67 67 67 67 67 67
84 84 83 80 78 77 77 77 77 77 76 76 75 75 76 75 75 75 75 75 75 75 74 74 74 74 75 74 74 74 75 75 74 74 74 74 75 74 74 74 73 72 71 66 60 55 51 50 50 52 53 54 56 61 70 74 74 73 72 70 68 68 70 72 73 74 74 73 72 68 59 55 55 55 55 55 55 54 54 52 51 50 50 50 52 52 51 51 51 53 62 69 69 69 69 69 69 69 70 70 69 69 69 69 69 68 68 68 68 69 68 68 67 67 67 67 67 67 67 67 67 67 67 67 67 67 67 67
84 84 83 80 77 77 77 77 77 77 76 76 75 75 76 75 74 75 75 75 76 75 75 74 74 74 74 74 74 74 75 74 74 73 73 73 74 74 73 73 73 72 71 68 65 59 52 49 50 51 52 53 53 59 69 72 71 70 70 68 67 67 68 69 71 72 73 74 73 68 57 54 61 65 65 65 64 63 62 59 55 52 52 52 53 53 51 50 50 53 61 68 69 70 70 70 69 69 70 70 69 69 69 69 69 69 68 68 68 68 68 68 67 67 67 67 67 67 67 67 67 67 67 67 67 67 67 66
84 84 83 80 77 77 77 77 77 77 76 76 75 76 76 75 74 75 75 75 76 75 75 75 74 74 74 74 74 74 75 74 73 73 73 73 73 73 73 73 73 71 69 68 69 63 53 50 50 51 51 52 52 57 65 68 67 66 65 64 64 63 63 64 66 69 71 72 71 66 57 57 66 72 72 71 70 69 67 64 58 54 53 52 53 53 51 50 50 52 61 67 69 70 70 70 69 69 70 70 69 69 69 69 69 69 69 68 68 68 68 68 67 67 67 67 67 67 67 67 67 67 67 67 67 67 67 66
84 84 83 80 77 77 77 77 77 77 76 76 76 76 76 76 75 75 75 75 75 75 74 74 75 75 75 74 74 74 74 74 74 73 73 73 74 73 73 73 73 69 62 64 69 65 56 52 50 50 51 51 51 54 58 60 61 60 57 56 56 56 55 56 57 61 66 67 63 62 62 64 68 71 71 70 70 69 67 63 58 54 52 50 51 51 50 49 49 52 60 67 68 69 69 69 69 69 69 69 69 69 69 69 69 69 69 69 68 68 68 67 67 67 67 67 67 67 67 67 67 67 67 67 67 67 67 67
84 84 83 80 77 77 77 77 77 77 76 76 76 76 76 76 76 75 75 75 75 75 74 74 75 75 75 75 74 74 74 74 74 74 73 73 74 74 73 73 73 67 60 62 70 67 59 54 51 50 50 50 51 52 53 54 56 55 52 51 51 51 50 51 51 55 61 62 58 58 63 66 67 67 67 67 67 66 64 61 58 54 51 49 50 50 49 49 49 52 60 66 68 69 69 69 69 69 69 69 69 69 69 69 69 69 69 69 68 68 67 67 67 67 67 67 67 67 67 67 67 67 67 67 67 67 67 67
84 84 83 80 77 77 77 77 77 77 76 76 75 76 76 76 75 75 75 75 76 75 75 75 74 74 74 74 74 74 75 75 75 74 74 74 74 74 74 73 71 68 64 67 73 71 64 58 52 50 50 50 50 51 51 53 55 55 52 50 50 50 51 51 51 53 56 57 56 56 57 58 59 60 60 60 59 58 56 55 54 53 50 49 49 49 49 48 49 52 60 66 68 69 69 69 69 69 69 69 69 69 69 68 68 68 68 68 68 68 67 67 67 67 67 67 67 66 67 67 67 67 67 67 67 67 67 66
84 84 83 80 77 77 77 77 77 76 76 76 75 75 76 75 75 75 75 75 76 76 75 75 74 74 74 74 74 74 75 75 75 75 74 74 74 74 74 72 68 66 65 69 74 73 68 61 53 50 50 50 50 50 50 51 54 53 51 50 50 50 50 51 51 51 52 53 54 54 52 52 53 54 55 55 53 52 51 51 51 51 50 49 49 49 48 49 51 55 62 67 68 69 69 69 69 69 69 69 69 69 68 68 68 68 68 68 68 68 68 67 67 67 67 67 66 66 67 67 67 67 67 67 67 67 66 66
84 84 83 80 77 77 77 77 76 76 76 76 76 76 75 75 75 75 75 75 76 76 75 75 74 74 75 75 75 75 74 75 75 75 74 74 74 74 75 69 61 59 59 65 74 75 70 63 54 51 50 50 50 50 50 50 51 51 50 49 49 49 50 50 50 51 52 52 52 51 51 51 51 52 52 52 51 50 50 50 50 50 49 49 49 49 49 51 59 65 67 68 69 69 69 69 69 69 69 69 69 69 68 68 68 68 68 68 68 68 68 68 67 67 67 66 66 66 67 67 67 66 67 67 67 66 66 66
84 84 83 80 77 77 77 76 76 76 76 76 76 76 75 75 75 75 75 75 76 75 75 74 74 74 75 75 75 75 74 74 75 75 74 74 74 74 74 67 56 53 54 62 74 76 72 66 57 53 51 50 50 50 50 50 49 49 49 49 49 49 49 49 50 50 51 51 50 50 50 50 50 50 50 50 49 49 49 49 49 49 49 49 49 49 49 52 62 69 69 69 69 69 69 69 69 69 69 69 69 69 68 68 68 68 68 68 68 68 68 68 67 67 67 66 66 66 67 67 67 66 67 67 66 66 66 66
84 84 83 80 76 76 76 76 76 76 76 76 76 76 75 75 75 75 74 75 75 75 74 74 74 74 75 75 75 75 74 74 74 74 74 74 74 74 73 65 55 51 52 61 74 77 75 70 64 58 52 50 49 49 49 49 49 49 49 49 49 49 49 49 49 50 50 50 50 50 50 49 49 49 50 49 49 49 49 50 49 49 49 49 49 48 48 50 55 60 65 69 69 70 69 69 69 69 69 68 68 68 68 68 68 68 68 68 68 67 67 67 67 67 67 67 67 67 67 67 67 67 66 66 66 66 66 66
84 84 83 80 76 76 76 76 76 76 76 76 76 76 75 75 75 75 74 74 75 75 74 74 74 74 75 75 75 75 74 74 74 74 74 74 74 72 70 62 53 50 51 60 73 77 77 74 69 63 56 52 50 49 49 49 49 49 49 49 49 49 49 49 49 49 49 49 50 50 49 49 49 49 49 49 48 48 49 50 49 49 49 49 48 48 48 49 51 56 64 69 70 70 69 69 69 69 68 68 68 68 68 68 68 68 68 68 67 67 67 67 67 67 67 67 67 67 67 67 67 67 66 66 66 66 66 66
84 84 83 80 76 76 75 76 76 76 76 76 76 76 75 75 75 75 74 74 75 75 75 74 74 74 75 75 74 74 75 75 75 75 75 75 75 69 60 55 51 50 50 59 72 77 77 76 74 70 64 58 52 49 49 49 49 49 49 49 49 49 49 49 49 49 49 49 49 49 49 49 49 49 49 49 48 48 48 49 48 48 49 49 48 48 48 51 57 62 66 70 70 70 69 69 69 69 69 69 68 68 68 68 68 68 68 68 67 67 67 67 67 67 67 66 66 66 66 66 67 67 66 66 66 66 66 65
84 84 83 80 76 76 75 76 76 76 76 76 76 76 75 75 75 75 74 75 75 75 75 75 74 74 75 75 74 74 75 75 75 75 75 75 74 65 54 50 50 50 50 57 68 74 77 78 77 75 71 63 54 50 50 49 49 49 49 49 49 49 49 49 49 49 49 49 49 49 49 49 49 49 49 49 48 48 48 48 48 48 49 49 48 49 50 54 61 67 69 70 70 70 69 69 69 69 69 69 68 68 68 68 68 68 68 68 67 67 67 67 67 67 67 66 66 66 66 66 67 67 66 66 66 66 66 65
84 84 83 80 76 76 76 76 76 76 76 76 76 76 76 76 76 75 75 75 75 75 74 74 74 74 74 74 74 74 75 75 75 75 75 73 71 63 53 50 50 50 50 53 58 66 75 78 77 76 74 66 54 50 51 50 49 49 49 49 49 49 49 49 49 49 49 49 49 49 49 49 49 49 49 49 48 48 48 48 48 48 48 49 49 51 57 62 66 69 70 70 70 70 69 69 69 69 69 69 69 69 69 69 68 68 68 68 67 67 67 67 67 67 67 67 67 67 66 66 67 67 66 66 66 66 66 66
84 84 83 80 76 76 76 76 76 76 76 76 76 76 76 76 76 75 75 75 75 75 74 74 74 74 74 74 74 75 75 75 75 75 74 71 66 60 52 50 50 50 50 50 51 59 72 77 77 77 77 70 58 53 55 54 51 49 49 48 49 49 49 49 49 49 49 49 49 49 49 49 49 49 49 49 48 48 48 48 48 49 48 49 51 55 63 68 70 71 70 70 70 70 69 69 69 69 69 69 69 69 69 69 68 68 68 68 67 67 67 67 67 67 67 67 67 67 66 66 67 67 67 66 66 66 66 66
84 84 83 80 76 76 76 76 76 76 76 76 77 76 76 76 75 75 75 75 75 75 75 75 75 74 74 74 75 75 76 75 75 73 72 66 58 54 51 50 50 50 50 50 51 58 70 75 76 77 77 74 69 67 67 63 56 52 50 49 49 49 49 48 48 49 49 49 49 49 49 49 49 49 49 48 48 48 48 49 50 51 50 52 58 64 67 70 70 70 70 70 70 69 69 69 69 69 69 69 69 68 69 69 68 68 68 67 67 67 67 67 67 67 67 67 67 67 66 66 67 67 67 67 66 66 66 65
84 84 83 80 76 76 76 76 76 76 76 76 77 76 76 76 75 75 75 75 75 75 75 75 75 75 74 74 75 75 75 73 72 70 68 61 52 50 50 50 50 50 50 50 51 57 66 72 76 77 77 77 77 77 76 71 62 57 53 51 50 49 49 48 48 48 49 49 49 49 49 49 49 49 48 48 48 48 49 50 53 54 53 55 62 68 70 71 70 70 70 70 69 69 69 69 69 69 69 69 68 68 69 69 68 68 67 67 67 67 67 67 67 67 67 67 67 67 66 66 67 67 67 67 66 66 65 65
84 84 83 80 77 77 77 76 76 76 76 76 76 76 76 76 76 76 76 76 76 75 75 75 76 75 75 75 74 73 71 66 61 59 58 55 51 50 50 50 50 50 50 50 51 53 57 64 74 77 77 77 77 77 77 74 71 67 63 58 54 51 50 49 49 49 48 48 48 48 48 48 48 48 48 48 48 49 51 54 59 62 61 59 59 61 67 71 70 70 70 70 69 69 69 69 69 69 69 68 68 68 68 68 68 68 67 67 67 67 67 67 67 66 66 66 66 66 66 66 67 67 67 66 66 66 65 65
84 84 83 80 77 77 77 77 76 76 76 76 76 76 76 76 76 76 76 76 76 76 75 75 75 75 74 73 72 69 66 60 53 51 50 50 50 50 50 50 50 50 50 50 51 51 50 59 72 77 77 77 77 77 77 77 77 75 71 66 60 56 54 53 52 51 49 49 49 48 48 48 48 48 48 49 50 52 55 59 65 69 67 63 56 54 63 69 70 70 70 70 69 69 69 69 69 69 68 68 68 68 68 68 68 68 67 67 67 67 67 67 67 66 66 66 66 66 66 66 67 67 67 66 66 66 65 65
84 84 83 80 77 77 77 77 76 76 76 76 76 76 75 76 76 76 76 76 76 75 75 74 73 71 69 65 61 58 56 54 52 51 51 50 50 50 50 50 50 50 50 50 50 50 51 57 68 74 76 77 77 77 77 77 77 76 74 71 69 67 66 64 62 59 54 52 51 50 50 50 49 50 51 53 57 61 63 66 69 70 69 65 56 52 58 63 68 71 70 70 69 69 69 70 69 69 68 68 68 69 68 68 68 68 68 68 67 67 67 67 67 67 67 67 67 67 66 66 67 67 67 67 66 66 65 65
84 84 83 80 77 77 77 77 76 76 76 76 76 76 75 76 76 76 76 75 75 73 72 70 68 66 64 58 52 50 49 50 51 51 51 51 50 50 50 50 50 50 50 50 50 50 51 56 63 70 76 78 77 77 77 77 77 76 74 74 74 74 74 73 70 66 60 57 55 54 54 53 53 53 55 58 63 68 71 72 72 71 71 67 56 49 53 58 65 70 70 70 69 69 70 70 69 69 68 68 69 69 68 68 68 68 68 68 67 66 66 67 67 67 67 67 67 67 66 66 67 67 67 67 66 66 66 65
84 84 83 80 77 77 77 77 76 76 76 76 77 76 76 76 77 76 75 72 70 65 60 59 58 57 56 54 51 50 50 50 51 51 51 51 51 51 51 51 51 51 51 50 50 50 51 53 56 63 73 77 77 77 77 76 75 71 66 63 62 65 70 72 73 72 70 68 67 66 66 65 65 65 66 67 70 71 72 73 72 72 72 68 57 50 50 54 63 69 69 70 69 69 69 69 69 69 69 69 68 68 68 68 68 68 68 67 63 60 63 66 66 67 67 67 67 66 67 67 67 67 67 67 66 66 66 66
84 84 83 80 77 77 77 77 76 76 76 77 77 77 77 77 76 74 72 68 64 58 51 50 50 50 50 50 50 50 50 50 51 51 51 51 51 51 51 51 51 51 51 51 50 50 51 51 50 58 70 75 76 76 75 73 71 66 59 55 53 57 64 69 72 75 76 76 76 75 75 74 74 74 74 74 74 73 73 73 73 73 72 68 58 50 49 51 59 66 68 70 69 69 69 69 69 69 69 69 68 68 68 68 68 68 68 67 60 56 61 65 66 67 67 67 66 66 67 67 67 67 67 67 66 66 66 66
84 84 83 80 77 77 77 77 77 77 77 77 78 77 76 74 72 66 60 58 56 53 50 50 50 50 49 50 50 50 50 50 51 51 51 51 51 51 51 51 51 51 51 51 51 51 51 51 51 54 61 67 73 72 66 63 60 58 54 53 52 53 56 60 63 67 72 75 74 74 73 73 72 72 71 71 71 71 72 73 73 73 73 69 59 51 49 49 53 58 65 69 70 70 69 69 69 69 69 69 68 68 68 68 68 68 67 66 60 56 61 66 66 66 66 66 66 66 67 67 67 67 67 67 66 66 66 65
84 84 83 80 76 77 77 77 77 77 77 77 78 76 74 70 67 59 50 49 49 49 49 49 50 50 49 49 50 50 50 50 51 51 51 51 51 51 51 51 51 51 51 51 51 51 52 52 51 52 53 59 68 67 58 54 52 51 51 51 50 50 50 51 54 59 67 71 71 71 71 70 70 69 67 66 67 68 69 70 71 71 72 69 60 52 50 48 49 52 61 68 69 70 69 69 69 69 69 69 68 68 68 68 68 68 66 64 59 56 61 66 66 66 66 66 66 66 67 67 67 67 67 67 66 66 65 65
84 84 83 80 77 77 77 77 77 77 77 78 79 71 62 59 57 53 50 49 49 49 49 49 49 49 49 49 50 50 50 50 51 51 51 51 51 51 52 51 51 51 51 51 51 51 51 51 51 51 52 55 58 58 54 52 52 52 52 51 51 50 50 51 52 54 58 59 59 60 62 63 62 61 59 57 57 57 58 59 61 63 68 68 59 52 50 48 48 50 55 61 66 70 70 70 69 69 69 69 69 69 69 69 68 67 64 60 58 57 61 65 66 66 66 65 66 66 67 67 67 66 67 67 66 66 65 65
84 84 83 80 77 77 77 76 75 75 75 76 76 65 52 50 49 49 49 49 49 49 49 49 49 49 49 49 50 50 50 50 51 51 51 51 51 51 52 52 51 51 52 52 51 51 51 51 51 51 51 51 50 50 51 51 52 52 52 52 51 51 50 50 50 50 50 50 50 51 55 56 55 54 51 50 49 49 49 50 52 56 63 65 58 52 50 48 48 49 50 54 63 70 70 70 69 69 69 69 69 69 69 69 68 67 62 58 57 57 62 65 66 66 65 65 66 66 67 67 67 66 67 67 66 66 65 65
85 84 83 80 77 77 77 69 61 61 63 62 62 56 50 49 49 49 49 49 49 49 49 49 49 49 50 50 50 50 50 50 51 51 52 52 52 52 52 52 52 52 52 52 51 51 51 52 52 51 51 51 51 51 51 51 52 53 53 52 52 51 51 50 50 50 50 50 50 50 52 52 52 51 50 49 49 49 49 49 50 52 55 57 53 50 49 48 48 48 49 53 61 68 69 69 70 70 70 70 70 69 69 68 68 68 65 63 59 57 61 66 66 66 66 66 66 66 67 67 67 67 67 67 66 66 65 65
85 84 83 80 77 76 75 62 49 50 53 51 49 49 49 49 49 49 49 49 49 49 49 49 49 49 50 50 50 50 50 50 51 51 52 52 52 52 52 52 53 53 52 52 51 51 52 52 52 52 51 51 51 51 51 52 52 53 53 53 52 52 51 51 50 50 50 50 49 49 49 49 49 49 49 49 49 49 49 49 48 48 49 49 49 49 48 48 48 48 49 51 59 65 67 68 69 70 70 70 70 70 69 68 68 68 68 67 61 56 61 66 66 66 66 66 66 66 67 67 67 67 67 67 66 66 65 65
84 83 82 79 77 71 65 57 49 50 51 50 49 49 49 49 49 49 49 49 50 49 49 49 49 49 50 50 50 50 50 51 51 52 52 52 52 52 52 52 53 53 52 52 51 51 52 52 52 52 51 51 51 51 51 51 52 52 52 52 52 52 51 51 51 50 50 50 50 49 49 49 49 49 49 49 49 48 48 48 48 48 48 48 48 48 48 48 48 48 49 50 54 57 58 60 64 67 69 69 69 69 69 69 69 68 68 67 61 57 62 67 66 66 66 66 66 66 67 67 67 67 67 67 66 66 65 65
84 83 82 78 74 65 56 52 49 49 49 49 49 49 49 49 49 49 49 49 50 50 49 49 49 49 50 50 50 50 50 51 52 52 52 52 51 51 52 52 53 53 52 52 51 51 52 52 52 52 51 51 51 51 51 51 51 51 51 51 52 52 51 51 51 51 50 50 50 50 49 49 49 49 49 49 48 48 48 48 48 48 48 48 48 48 48 48 48 48 49 49 49 49 50 52 59 64 66 68 68 68 69 70 69 69 68 66 62 58 63 67 66 66 66 66 66 66 67 67 67 67 67 67 66 66 65 65
84 83 81 72 62 57 52 51 49 49 50 49 49 49 49 49 49 49 49 49 49 49 49 49 49 49 50 50 50 50 50 51 51 52 52 52 52 52 52 52 53 53 53 52 52 52 52 52 52 52 51 51 51 51 51 51 51 51 51 51 51 51 51 51 52 52 52 52 51 51 50 50 50 50 50 49 49 49 49 49 49 49 49 49 49 49 49 49 49 49 49 49 49 50 49 50 53 56 57 58 60 62 66 69 69 69 68 67 65 63 65 67 67 67 67 67 67 67 67 67 67 67 67 67 66 66 65 65
84 82 81 66 51 50 49 49 49 49 50 50 49 49 49 49 49 49 49 49 49 49 49 49 49 49 50 50 50 50 50 50 51 51 52 52 52 52 52 52 53 53 53 53 52 52 52 52 52 52 51 51 51 51 52 52 51 51 51 51 51 51 51 52 52 53 53 53 52 52 51 51 50 50 50 50 49 49 49 49 49 49 49 49 49 49 49 49 49 49 49 49 50 50 49 48 48 48 49 50 52 56 62 67 68 68 67 67 67 67 67 67 67 67 67 67 68 68 67 67 67 67 67 67 66 66 65 65
84 82 80 66 50 49 49 49 49 49 49 49 49 49 50 49 49 49 49 49 49 49 50 50 50 50 50 50 50 50 50 50 50 51 52 52 52 52 52 52 53 53 53 53 52 52 52 52 52 52 51 51 51 51 52 52 51 51 51 52 52 52 52 52 52 52 53 53 53 53 53 52 52 51 50 50 50 50 50 50 50 50 50 50 50 50 50 50 50 49 49 49 49 49 49 48 48 48 48 49 50 52 55 58 59 61 64 66 67 67 68 68 68 68 68 68 68 68 67 67 67 67 67 67 66 66 65 65
84 82 80 65 50 49 49 49 49 49 49 49 49 49 50 50 49 49 49 49 49 49 50 50 50 50 50 50 50 50 50 50 50 51 52 52 52 52 52 52 53 53 53 53 52 52 52 52 52 52 51 51 51 51 52 52 51 51 52 52 52 52 53 53 52 52 53 53 53 53 54 54 53 52 51 50 51 52 51 50 50 50 51 51 51 51 50 50 50 50 49 49 49 49 49 49 48 48 48 48 48 48 49 49 52 55 60 65 66 66 68 69 68 68 68 68 68 68 67 67 67 67 67 67 66 66 66 65
84 82 79 65 50 49 49 49 49 49 49 49 50 50 50 50 49 49 49 49 49 49 49 50 50 50 50 50 50 50 50 50 50 51 51 52 52 52 52 53 53 53 53 52 52 52 52 52 52 52 51 51 51 51 51 51 52 52 51 52 53 56 61 63 60 58 55 53 53 53 54 54 55 54 52 51 51 51 51 51 51 51 51 52 52 51 51 50 50 50 50 49 49 49 49 49 49 48 48 48 48 48 48 49 50 51 54 56 58 59 64 67 68 68 68 68 68 68 67 67 67 67 67 67 66 66 66 66
84 81 79 65 50 50 49 49 49 49 49 49 50 50 50 50 49 49 49 49 49 49 49 49 50 50 50 50 50 50 50 50 50 50 51 51 52 52 53 53 53 53 52 52 52 52 52 52 52 52 51 51 51 51 51 51 52 52 51 52 53 59 69 72 68 63 57 53 53 53 54 55 56 56 53 52 51 51 52 52 51 51 52 52 52 52 51 51 50 50 50 50 49 49 49 49 49 49 48 48 48 48 48 48 48 48 48 48 50 53 59 65 66 67 68 68 68 68 67 67 67 67 67 67 67 66 66 66
83 81 78 64 50 50 49 49 49 49 50 50 50 50 50 50 50 49 49 49 50 49 49 49 50 50 50 50 50 50 50 50 50 51 51 52 52 52 53 53 53 52 52 52 52 52 52 52 52 52 51 51 51 51 51 51 52 52 51 51 52 57 66 71 71 67 59 54 53 53 53 53 55 55 53 52 51 51 51 51 51 51 51 51 51 51 51 50 50 49 49 49 49 49 49 49 49 49 49 48 48 48 48 48 48 48 48 48 49 50 53 56 58 60 63 67 68 68 68 68 68 68 68 68 67 67 66 66
83 80 77 64 50 50 49 49 49 49 50 50 50 50 50 50 50 50 49 49 50 50 49 49 50 50 50 50 49 49 50 50 50 51 52 52 52 52 53 53 52 52 52 52 52 52 52 52 52 52 51 51 51 51 51 51 52 52 51 51 51 55 63 69 74 71 61 55 54 53 53 53 54 54 53 52 51 50 51 51 50 50 50 50 50 50 50 50 49 49 49 49 49 49 49 49 49 49 49 49 48 48 48 48 48 48 48 48 48 48 48 48 50 53 59 65 66 68 68 68 68 68 68 68 67 67 67 66
83 79 75 63 51 50 50 49 49 49 50 50 50 50 51 50 50 50 50 50 50 50 49 49 49 49 49 49 49 49 50 50 50 51 52 52 52 52 52 52 52 52 52 52 52 52 52 52 52 51 51 51 51 51 51 51 51 51 52 51 51 53 57 63 70 71 66 63 62 60 56 55 55 54 52 51 51 51 50 50 50 50 50 49 49 50 50 50 50 50 50 49 49 49 49 49 49 49 49 49 48 48 48 48 48 48 48 48 48 48 48 48 49 50 53 57 59 61 65 68 68 68 68 67 67 67 67 67
83 78 74 63 51 51 50 50 49 49 50 50 50 50 51 51 50 50 50 50 50 50 49 49 49 49 49 49 49 49 50 50 50 51 52 52 52 52 52 52 52 52 51 51 52 52 52 52 51 51 51 51 51 51 51 51 51 51 52 52 51 51 52 57 66 70 70 70 69 66 61 57 56 55 52 51 52 51 51 51 50 50 50 49 49 49 50 51 52 52 50 49 48 48 49 49 49 49 49 49 48 48 48 48 48 48 48 48 48 48 48 48 48 48 48 48 52 55 62 67 67 68 67 67 67 67 67 67
82 78 73 62 51 50 50 50 49 49 50 50 50 50 51 51 50 50 50 50 50 50 49 49 49 49 49 49 49 49 49 50 50 51 52 52 52 52 52 52 52 52 51 51 51 51 51 51 51 51 51 51 51 51 51 51 51 51 51 51 51 51 51 54 59 63 68 71 72 71 68 66 65 62 57 55 60 62 61 59 56 53 52 52 53 54 58 60 61 60 56 52 50 49 49 49 49 49 49 49 48 48 48 48 48 48 48 48 48 48 48 48 48 48 48 48 50 52 55 59 60 60 60 60 60 61 63 66
82 77 72 61 50 50 50 50 49 49 50 50 50 50 51 51 50 50 50 50 50 50 49 49 49 49 49 49 49 49 49 49 50 51 52 52 52 52 52 52 52 52 51 51 51 51 51 51 51 51 51 51 51 51 51 51 51 51 51 51 51 51 51 51 52 57 66 73 75 76 75 74 73 69 61 60 68 72 71 68 61 57 55 55 56 59 65 69 70 68 61 56 53 50 49 48 49 49 49 49 48 48 48 48 48 48 48 48 48 48 48 48 48 48 48 48 48 48 50 51 52 53 53 53 54 55 60 65
81 76 71 60 50 50 50 50 50 49 49 49 50 50 51 51 50 50 50 50 50 50 49 49 49 49 49 49 49 49 49 49 50 50 51 51 51 51 51 51 51 51 51 50 50 51 51 51 51 51 51 51 51 50 50 50 50 51 51 51 51 51 51 51 51 54 59 64 71 75 75 75 74 71 68 67 71 74 73 71 68 66 65 65 65 66 69 72 72 71 68 65 63 59 53 49 49 49 49 49 48 48 48 48 48 48 48 48 48 48 48 48 48 48 48 48 48 48 49 49 50 50 50 50 51 51 54 56
80 75 69 60 50 50 50 50 50 49 48 49 50 50 51 51 50 50 51 51 50 50 49 49 49 49 48 48 49 49 49 49 50 50 50 50 50 50 50 50 50 50 50 50 50 50 51 51 50 50 51 51 50 50 50 50 50 50 51 51 51 51 50 50 51 51 51 56 67 73 74 75 74 74 74 74 75 75 75 75 74 74 74 74 73 73 74 74 74 74 74 74 72 68 58 50 49 48 49 49 48 48 48 48 48 48 48 48 48 48 48 48 48 48 48 48 48 48 48 48 48 48 48 48 48 48 48 48
79 74 68 59 50 49 49 49 49 49 48 49 49 50 50 50 50 50 50 50 50 50 49 49 49 48 48 48 48 49 49 49 49 49 49 49 49 49 49 49 49 50 50 50 50 50 50 50 50 50 50 50 50 50 50 50 50 50 50 50 50 50 50 50 50 51 51 54 59 65 71 74 74 74 74 74 74 74 74 74 74 73 73 73 73 73 73 73 73 73 73 73 72 70 64 59 53 49 48 48 48 48 48 48 48 48 48 48 48 48 48 48 48 48 48 48 48 48 48 48 48 48 48 48 48 48 48 48
79 73 66 58 49 49 49 49 49 49 48 48 49 49 49 49 49 49 49 49 50 50 49 49 48 48 48 48 48 48 49 49 49 49 49 49 49 49 49 49 49 49 50 50 49 49 50 50 50 50 50 50 49 49 50 50 50 50 50 50 50 50 50 50 50 50 51 51 52 57 68 74 74 74 74 74 73 73 73 73 73 73 73 73 73 73 72 72 72 72 72 72 72 72 71 67 57 49 48 48 48 48 48 48 48 48 48 48 48 48 48 48 48 48 48 48 48 48 48 48 48 48 48 48 48 48 48 48
77 70 62 55 49 49 49 49 49 48 48 48 48 49 49 49 49 49 49 49 49 49 49 48 48 48 48 48 48 48 48 49 49 49 49 48 48 49 49 49 49 49 49 49 49 49 50 50 50 49 49 49 49 49 49 50 50 50 50 49 49 50 50 50 50 50 50 50 50 55 65 71 72 73 73 73 73 72 72 72 72 72 72 72 72 72 72 71 71 71 71 71 71 71 71 69 62 56 52 48 48 48 48 48 48 48 48 48 48 48 48 48 48 48 48 48 48 48 48 48 48 48 48 48 48 48 48 48
76 67 57 53 48 48 49 49 48 48 48 48 48 48 49 49 48 48 49 49 49 49 48 48 48 48 48 48 48 48 48 48 49 49 48 48 48 48 49 49 49 49 49 49 49 49 50 50 49 49 49 49 49 49 49 49 50 50 49 49 49 49 50 50 49 49 50 50 49 53 61 67 70 72 72 72 72 72 72 72 71 71 71 71 71 71 71 71 71 71 71 71 71 71 71 70 68 64 55 48 48 48 48 48 48 48 48 48 48 48 48 48 48 48 48 48 48 48 48 48 48 48 48 48 48 48 48 48
